1.013489723939808027e+04
9.549339053523899565e+03
9.009773750507605655e+03
8.511683203981061524e+03
8.051077277342283196e+03
7.624422818658482356e+03
7.228583389603771138e+03
6.860767935857636985e+03
6.518486932529443948e+03
6.199514800481889324e+03
5.901857601560343937e+03
5.623725191683891353e+03
5.363507150114724936e+03
5.119751916799068567e+03
4.891148665757480558e+03
4.676511513358935190e+03
4.474765730435055048e+03
4.284935674138170725e+03
4.106134202078752423e+03
3.937553366259811355e+03
3.778456214507019013e+03
3.628169553551928402e+03
3.486077546993660235e+03
3.351616042753254987e+03
3.224267535426967243e+03
3.103556686303675178e+03
2.989046330938836491e+03
2.880333915785050522e+03
2.777048312297964003e+03
2.678846964094382656e+03
2.585413328048365656e+03
2.496454575768606446e+03
2.411699525913514208e+03
2.330896781265129903e+03
2.253813048072592210e+03
2.180231617844651282e+03
2.109950993758981895e+03
2.042783646516439376e+03
1.978554886129797069e+03
1.917101837196783436e+03
1.858272507344240012e+03
1.801924939357782478e+03
1.747926438419071474e+03
1.696152867117704318e+03
1.646488001718316127e+03
1.598822943371365682e+03
1.553055579451463927e+03
1.509090089867684583e+03
1.466836494461425218e+03
1.426210237359809298e+03
1.387131805183710185e+03
1.349526375839182492e+03
1.313323495197881812e+03
1.278456779239363868e+03
1.244863639302762067e+03
1.212485028547124557e+03
1.181265207719890213e+03
1.151151528598316190e+03
1.122094233638142896e+03
1.094046270391943608e+03
1.066963119585976528e+03
1.040802635669740539e+03
1.015524898739955461e+03
9.910920771762740742e+02
9.674682997687735906e+02
9.446195369220903331e+02
9.225134900637127657e+02
9.011194885941332586e+02
8.804083938757992200e+02
8.603525096866536614e+02
8.409254986698595076e+02
